# R script for Peak Model
#  -- generated by MACS
p <- c(0.0430163398205665,0.04940490514045261,0.05664527916965687,0.06345974884420205,0.07155193158272447,0.06814469674545187,0.06750584021346326,0.07006126634141771,0.07070012287340632,0.07070012287340632,0.07027421851874724,0.07133897940539494,0.07155193158272447,0.07219078811471308,0.07155193158272447,0.07453326206533799,0.07708868819329243,0.07538507077465613,0.07581097512931521,0.07368145335601983,0.07453326206533799,0.07325554900136076,0.07325554900136076,0.07325554900136076,0.07282964464670169,0.07261669246937215,0.07006126634141771,0.06963536198675864,0.06920945763209956,0.06984831416408817,0.07006126634141771,0.06984831416408817,0.07197783593738354,0.07240374029204262,0.07410735771067892,0.0751721185973266,0.07453326206533799,0.07432030988800845,0.07644983166130383,0.07879230561192872,0.07921820996658781,0.0785793534345992,0.07538507077465613,0.07644983166130383,0.07453326206533799,0.07304259682403123,0.0734685011786903,0.07453326206533799,0.07176488376005401,0.07048717069607678,0.06878355327744048,0.07006126634141771,0.0711260272280654,0.07006126634141771,0.07070012287340632,0.07219078811471308,0.07410735771067892,0.07282964464670169,0.07176488376005401,0.06686698368147465,0.06814469674545187,0.06878355327744048,0.06580222279482696,0.0660151749721565,0.06622812714948605,0.06665403150414512,0.0660151749721565,0.0660151749721565,0.0694224098094291,0.07474621424266753,0.07474621424266753,0.07304259682403123,0.07304259682403123,0.07432030988800845,0.07133897940539494,0.06899650545477003,0.06814469674545187,0.06814469674545187,0.06686698368147465,0.06622812714948605,0.06558927061749743,0.06665403150414512,0.06814469674545187,0.06707993585880419,0.06963536198675864,0.07070012287340632,0.07389440553334937,0.07538507077465613,0.07474621424266753,0.07261669246937215,0.07304259682403123,0.07304259682403123,0.07453326206533799,0.07240374029204262,0.07197783593738354,0.07389440553334937,0.07261669246937215,0.07027421851874724,0.07027421851874724,0.07155193158272447,0.07133897940539494,0.0711260272280654,0.0711260272280654,0.07176488376005401,0.07070012287340632,0.06665403150414512,0.0636727010215316,0.06537631844016789,0.06409860537619066,0.06516336626283835,0.06409860537619066,0.06345974884420205,0.06473746190817928,0.06558927061749743,0.0660151749721565,0.0677187923907928,0.06984831416408817,0.06857060110011094,0.07070012287340632,0.06963536198675864,0.07282964464670169,0.07474621424266753,0.07410735771067892,0.07240374029204262,0.07176488376005401,0.06984831416408817,0.0694224098094291,0.06835764892278141,0.06558927061749743,0.06558927061749743,0.062394987957554375,0.06218203578022483,0.060904322716247614,0.06175613142556576,0.0619690836028953,0.0636727010215316,0.06388565319886114,0.0636727010215316,0.06537631844016789,0.06537631844016789,0.06644107932681557,0.06793174456812234,0.06729288803613373,0.06580222279482696,0.06729288803613373,0.06793174456812234,0.06793174456812234,0.07133897940539494,0.07176488376005401,0.07389440553334937,0.07325554900136076,0.07155193158272447,0.07027421851874724,0.07176488376005401,0.07091307505073585,0.0711260272280654,0.07155193158272447,0.06920945763209956,0.06963536198675864,0.06707993585880419,0.06920945763209956,0.06814469674545187,0.07155193158272447,0.07240374029204262,0.07304259682403123,0.0734685011786903,0.07453326206533799,0.07559802295198567,0.07538507077465613,0.07666278383863336,0.07453326206533799,0.07623687948397428,0.0768757360159629,0.07410735771067892,0.07538507077465613,0.07495916641999706,0.07282964464670169,0.07559802295198567,0.07708868819329243,0.07794049690261058,0.07559802295198567,0.07410735771067892,0.0751721185973266,0.07815344907994012,0.07900525778925827,0.07708868819329243,0.07985706649857642,0.07708868819329243,0.07325554900136076,0.07261669246937215,0.07432030988800845,0.07389440553334937,0.0711260272280654,0.06984831416408817,0.0677187923907928,0.06984831416408817,0.06558927061749743,0.06409860537619066,0.06473746190817928,0.06324679666687252,0.06303384448954298,0.06516336626283835,0.06495041408550882,0.06516336626283835,0.06495041408550882,0.06558927061749743,0.06878355327744048,0.06899650545477003,0.07027421851874724,0.06963536198675864,0.07219078811471308,0.07027421851874724,0.07006126634141771,0.06963536198675864,0.06899650545477003,0.06686698368147465,0.06473746190817928,0.06622812714948605,0.06644107932681557,0.06835764892278141,0.06707993585880419,0.06857060110011094,0.06857060110011094,0.06920945763209956,0.06878355327744048,0.07027421851874724,0.07176488376005401,0.07240374029204262,0.07325554900136076,0.07304259682403123,0.07176488376005401,0.07133897940539494,0.07155193158272447,0.0694224098094291,0.07091307505073585,0.07091307505073585,0.06920945763209956,0.06963536198675864,0.06750584021346326,0.06431155755352021,0.06495041408550882,0.0660151749721565,0.06537631844016789,0.06793174456812234,0.06644107932681557,0.06580222279482696,0.06878355327744048,0.0660151749721565,0.06750584021346326,0.06899650545477003,0.07006126634141771,0.0694224098094291,0.07091307505073585,0.07176488376005401,0.07219078811471308,0.07176488376005401,0.07006126634141771,0.07389440553334937,0.07453326206533799,0.07623687948397428,0.07538507077465613,0.0768757360159629,0.07602392730664474,0.07581097512931521,0.07879230561192872,0.07943116214391734,0.08049592303056502,0.07815344907994012,0.07581097512931521,0.07495916641999706,0.07368145335601983,0.0711260272280654,0.0711260272280654,0.07048717069607678,0.06750584021346326,0.06857060110011094,0.06750584021346326,0.06750584021346326,0.0711260272280654,0.07261669246937215,0.07559802295198567,0.07943116214391734,0.07836640125726965,0.07602392730664474,0.07985706649857642,0.07836640125726965,0.0768757360159629,0.07708868819329243,0.07581097512931521,0.07495916641999706,0.07219078811471308,0.0677187923907928,0.06963536198675864,0.07133897940539494,0.0694224098094291,0.06878355327744048,0.06878355327744048,0.0677187923907928,0.06537631844016789,0.06473746190817928,0.06644107932681557,0.06729288803613373,0.06857060110011094,0.06899650545477003,0.07006126634141771,0.0711260272280654,0.07219078811471308,0.07368145335601983,0.07879230561192872,0.08007001867590595,0.08156068391721272,0.08496791875448531,0.08347725351317854,0.08326430133584901,0.0809218273852241,0.08049592303056502,0.07985706649857642,0.07815344907994012,0.07879230561192872,0.07836640125726965,0.07772754472528104,0.07495916641999706,0.07730164037062197,0.0785793534345992,0.07964411432124688,0.08177363609454225,0.08347725351317854,0.08283839698118993,0.07815344907994012,0.08028297085323549,0.08305134915851947,0.08283839698118993,0.08113477956255363,0.08028297085323549,0.07964411432124688,0.07921820996658781,0.0768757360159629,0.07921820996658781,0.0809218273852241,0.07921820996658781,0.07666278383863336,0.07708868819329243,0.07708868819329243,0.07836640125726965,0.07815344907994012,0.07559802295198567,0.07985706649857642,0.08007001867590595,0.07900525778925827,0.07836640125726965,0.07644983166130383,0.07751459254795151,0.0785793534345992,0.07772754472528104,0.08007001867590595,0.08070887520789456,0.07836640125726965,0.0768757360159629,0.07943116214391734,0.08305134915851947,0.08454201439982623,0.08305134915851947,0.08347725351317854,0.08411611004516716,0.08241249262653086,0.08390315786783761,0.08369020569050808,0.08496791875448531,0.0873103927051102,0.0873103927051102,0.09156943625170096,0.0907176275423828,0.0900787710103942,0.09306010149300771,0.09774504939425753,0.09710619286226892,0.09774504939425753,0.09923571463556428,0.0964673363302803,0.09582847979829169,0.09199534060636003,0.09476371891164401,0.09497667108897355,0.09561552762096216,0.09220829278368957,0.0917823884290305,0.0924212449610191,0.09156943625170096,0.08986581883306466,0.08816220141442836,0.08752334488243975,0.08943991447840559,0.08943991447840559,0.08880105794641698,0.08943991447840559,0.09306010149300771,0.09327305367033725,0.09284714931567818,0.09199534060636003,